0.531062
0.514139
0.530256
0.514139
0.530256
0.515751
0.543956
0.531868
0.543956
0.531062
0.502051
0.509304
0.518168
0.511722
0.518974
0.502857
0.498022
0.503663
0.497216
0.526227
0.552015
0.523810
0.562491
0.575385
0.569744
0.585055
0.573773
0.530256
0.558462
0.524615
0.559267
0.524615
0.565714
0.543956
0.567326
0.543150
0.571355
0.596337
0.556850
0.593919
0.556044
0.573773
0.544762
0.574579
0.545568
0.525421
0.529451
0.539121
0.543956
0.535897
0.509304
0.493993
0.507692
0.493187
0.562491
0.550403
0.545568
0.530256
0.543150
0.531062
0.543150
0.532674
0.512527
0.485128
0.519780
0.510916
0.513333
0.485128
0.513333
0.485934
0.539121
0.584249
0.573773
0.585055
0.559267
0.560073
0.560879
0.556850
0.535897
0.551209
0.526227
0.554432
0.525421
0.564908
0.543956
0.563297
0.547985
0.584249
0.603590
0.582637
0.552015
0.558462
0.509304
0.536703
0.503663
0.481099
0.484322
0.481905
0.483516
0.484322
0.481099
0.493187
0.505275
0.543956
0.544762
0.564908
0.546374
0.566520
0.542344
0.564908
0.593114
0.556850
0.539121
0.539121
0.539927
0.540733
0.528645
0.519780
0.531062
0.539121
0.583443
0.572161
0.579414
0.576996
0.575385
0.577802
0.570549
0.580220
0.542344
0.533480
0.489963
0.518974
0.489158
0.516557
0.485934
0.511722
0.491575
0.524615
0.569744
0.536703
0.570549
0.521392
0.552821
0.522198
0.554432
0.497216
0.485128
0.487546
0.481905
0.482711
0.529451
0.514139
0.528645
0.568938
0.567326
0.610842
0.576996
0.610037
0.580220
0.606007
0.584249
0.572161
0.547985
0.561685
0.535897
0.551209
0.515751
0.533480
0.514139
0.536703
0.512527
0.538315
0.507692
0.552015
0.523004
0.550403
0.526227
0.549597
0.511722
0.510916
0.520586
0.515751
0.510110
0.493993
0.506886
0.496410
0.502857
0.539121
0.535897
0.539121
0.592308
0.547985
0.567326
0.555238
0.569744
0.552015
0.568938
0.551209
0.531062
0.558462
0.523810
0.507692
0.527033
0.504469
0.531062
0.501245
0.539927
0.560879
0.532674
0.543150
0.515751
0.530256
0.515751
0.525421
0.496410
0.485128
0.485128
0.499634
0.504469
0.500440
0.551209
0.523004
0.550403
0.593114
0.485934
0.484322
0.484322
0.522198
0.542344
0.576190
0.541538
0.581026
0.564103
0.581832
0.568938
0.538315
0.554432
0.556850
0.552821
0.559267
0.545568
0.538315
0.543150
0.584249
0.571355
0.586667
0.570549
0.585055
0.524615
0.545568
0.529451
0.548791
0.506886
0.494799
0.507692
0.496410
0.503663
0.500440
0.499634
0.523004
0.504469
0.524615
0.499634
0.544762
0.557656
0.549597
0.559267
0.552015
0.592308
0.552015
0.573773
0.531868
0.528645
0.519780
0.523810
0.524615
0.519780
0.527033
0.531868
0.550403
0.589890
0.589084
0.596337
0.593919
0.596337
0.597143
0.588278
0.573773
0.549597
0.569744
0.549597
0.569744
0.556850
0.524615
0.559267
0.551209
0.518974
0.525421
0.511722
0.521392
0.561685
0.532674
0.539927
0.535092
0.537509
0.535897
0.536703
0.519780
0.527839
0.481099
0.505275
0.494799
0.504469
0.489963
0.507692
0.486740
0.535092
0.580220
0.572967
0.576190
0.498022
0.518974
0.528645
0.515751
0.558462
0.591502
0.562491
0.590696
0.564908
0.588278
0.550403
0.529451
0.562491
0.528645
0.544762
0.529451
0.543956
0.531868
0.581832
0.570549
0.585055
0.568938
0.588278
0.587473
0.548791
0.550403
0.505275
0.499634
0.506081
0.497216
0.509304
0.491575
0.518168
0.510110
0.518974
0.510110
0.521392
0.507692
0.538315
0.568132
0.540733
0.557656
0.522198
0.558462
0.581026
0.548791
0.511722
0.533480
0.506886
0.535897
0.507692
0.549597
0.534286
0.545568
0.593114
0.558462
0.593114
0.580220
0.602784
0.584249
0.593919
0.563297
0.552821
0.535897
0.554432
0.576190
0.557656
0.528645
0.546374
0.532674
0.560879
0.548791
0.514139
0.518168
0.498828
0.546374
0.530256
0.552015
0.529451
0.552015
0.527033
0.552015
0.518168
0.498828
0.510916
0.491575
0.511722
0.492381
0.509304
0.494799
0.503663
0.495604
0.543956
0.571355
0.542344
0.589890
0.523004
0.520586
0.529451
0.544762
0.563297
0.589890
0.568132
0.586667
0.531062
0.543956
0.530256
0.535897
0.533480
0.544762
0.533480
0.544762
0.535092
0.570549
0.581832
0.569744
0.590696
0.590696
0.593114
0.594725
0.539121
0.486740
0.514945
0.483516
0.513333
0.470623
0.498828
0.472234
0.511722
0.518974
0.517363
0.511722
0.540733
0.567326
0.539927
0.544762
0.535092
0.542344
0.536703
0.543956
0.518168
0.531062
0.516557
0.530256
0.542344
0.531062
0.543956
0.526227
0.548791
0.582637
0.567326
0.581026
0.568938
0.581832
0.571355
0.577802
0.570549
0.520586
0.555238
0.522198
0.572967
0.524615
0.553626
0.522198
0.555238
0.523004
0.561685
0.525421
0.509304
0.510110
0.551209
0.525421
0.547985
0.528645
0.548791
0.531868
0.548791
0.543956
0.500440
0.510916
0.485128
0.512527
0.487546
0.511722
0.486740
0.496410
0.533480
0.510916
0.547985
0.567326
0.549597
0.586667
0.533480
0.547985
0.530256
0.549597
0.584249
0.569744
0.533480
0.552821
0.519780
0.531868
0.518168
0.531868
0.523004
0.556850
0.521392
0.570549
0.576190
0.578608
0.601172
0.580220
0.599560
0.581832
0.600366
0.562491
0.513333
0.493187
0.494799
0.470623
0.493993
0.470623
0.493187
0.471429
0.512527
0.515751
0.568938
0.538315
0.551209
0.529451
0.550403
0.527033
0.550403
0.525421
0.541538
0.506886
0.539927
0.524615
0.552015
0.527839
0.552015
0.523810
0.548791
0.564908
0.582637
0.568938
0.564103
0.564103
0.564908
0.564103
0.589084
0.531062
0.548791
0.531062
0.547985
0.556850
0.537509
0.541538
0.541538
0.539927
0.529451
0.531062
0.543150
0.538315
0.544762
0.536703
0.545568
0.532674
0.543956
0.531868
0.550403
0.553626
0.513333
0.516557
0.511722
0.494799
0.502051
0.498828
0.494799
0.479487
0.535092
0.502857
0.537509
0.502051
0.546374
0.562491
0.553626
0.588278
0.528645
0.551209
0.526227
0.544762
0.573773
0.527033
0.518974
0.525421
0.520586
0.524615
0.523810
0.522198
0.539927
0.589084
0.575385
0.609231
0.572161
0.610037
0.574579
0.614066
0.576996
0.576190
0.560073
0.531868
0.493993
0.483516
0.483516
0.485934
0.480293
0.489158
0.537509
0.506886
0.526227
0.510916
0.544762
0.560879
0.546374
0.547985
0.520586
0.523810
0.521392
0.525421
0.506886
0.467399
0.498022
0.468205
0.496410
0.492381
0.502857
0.492381
0.548791
0.553626
0.591502
0.591502
0.593114
0.590696
0.572161
0.584249
0.576996
0.549597
0.532674
0.546374
0.522198
0.535897
0.541538
0.542344
0.523810
0.524615
0.516557
0.526227
0.583443
0.567326
0.531868
0.552015
0.524615
0.561685
0.549597
0.562491
0.547985
0.500440
0.527839
0.496410
0.512527
0.489963
0.493993
0.477070
0.491575
0.529451
0.518974
0.525421
0.523004
0.523004
0.528645
0.589890
0.559267
0.544762
0.543956
0.535092
0.538315
0.490769
0.529451
0.515751
0.528645
0.516557
0.526227
0.517363
0.523810
0.526227
0.581026
0.603590
0.582637
0.608425
0.580220
0.609231
0.577802
0.610842
0.551209
0.537509
0.543150
0.539121
0.500440
0.469011
0.493993
0.467399
0.524615
0.518974
0.530256
0.547985
0.565714
0.545568
0.563297
0.535092
0.543956
0.523810
0.531868
0.512527
0.527033
0.485934
0.481099
0.484322
0.497216
0.500440
0.503663
0.499634
0.505275
0.550403
0.536703
0.569744
0.587473
0.577802
0.575385
0.581026
0.573773
0.548791
0.538315
0.540733
0.543956
0.539927
0.556044
0.534286
0.512527
0.537509
0.511722
0.538315
0.507692
0.564908
0.579414
0.568132
0.542344
0.567326
0.539121
0.569744
0.536703
0.513333
0.520586
0.511722
0.518974
0.494799
0.497216
0.469011
0.490769
0.524615
0.513333
0.527839
0.518168
0.529451
0.520586
0.555238
0.583443
0.567326
0.528645
0.555238
0.511722
0.528645
0.492381
0.474652
0.517363
0.522198
0.524615
0.518974
0.529451
0.522198
0.569744
0.581026
0.582637
0.602784
0.588278
0.600366
0.591502
0.593919
0.556850
0.524615
0.549597
0.527839
0.545568
0.533480
0.485128
0.493993
0.477070
0.542344
0.533480
0.544762
0.530256
0.547985
0.523810
0.556044
0.520586
0.559267
0.529451
0.541538
0.509304
0.494799
0.481099
0.492381
0.504469
0.494799
0.503663
0.494799
0.505275
0.542344
0.537509
0.542344
0.537509
0.541538
0.591502
0.561685
0.591502
0.565714
0.539927
0.542344
0.535897
0.555238
0.552821
0.552015
0.554432
0.541538
0.531062
0.512527
0.532674
0.568132
0.556044
0.584249
0.601172
0.586667
0.573773
0.546374
0.564103
0.529451
0.512527
0.517363
0.490769
0.506886
0.493187
0.503663
0.498022
0.480293
0.510110
0.532674
0.507692
0.552821
0.518974
0.548791
0.523810
0.549597
0.526227
0.547985
0.535092
0.552015
0.486740
0.485128
0.485934
0.480293
0.525421
0.517363
0.546374
0.532674
0.543150
0.585055
0.568938
0.588278
0.581832
0.607619
0.581026
0.587473
0.565714
0.547985
0.528645
0.552821
0.527033
0.554432
0.525421
0.551209
0.520586
0.552015
0.526227
0.550403
0.526227
0.551209
0.527033
0.550403
0.548791
0.535897
0.539121
0.538315
0.535092
0.504469
0.504469
0.489963
0.506886
0.488352
0.510110
0.487546
0.512527
0.481099
0.531062
0.539927
0.510916
0.526227
0.535092
0.542344
0.574579
0.580220
0.544762
0.539121
0.547985
0.561685
0.554432
0.557656
0.556850
0.556044
0.558462
0.585055
0.521392
0.570549
0.575385
0.582637
0.569744
0.581026
0.580220
0.604396
0.548791
0.565714
0.523810
0.493187
0.505275
0.491575
0.503663
0.493993
0.505275
0.493993
0.528645
0.524615
0.522198
0.547985
0.529451
0.544762
0.531062
0.545568
0.517363
0.493187
0.535092
0.538315
0.511722
0.535897
0.478681
0.489963
0.480293
0.510110
0.527839
0.551209
0.525421
0.567326
0.582637
0.570549
0.583443
0.572161
0.583443
0.576190
0.582637
0.560879
0.523810
0.556850
0.522198
0.557656
0.523004
0.559267
0.548791
0.593114
0.546374
0.551209
0.528645
0.548791
0.530256
0.544762
0.524615
0.518974
0.544762
0.536703
0.547179
0.537509
0.523810
0.510916
0.496410
0.502051
0.491575
0.506081
0.495604
0.506886
0.552015
0.513333
0.527033
0.513333
0.527033
0.518168
0.550403
0.526227
0.555238
0.529451
0.567326
0.545568
0.562491
0.544762
0.559267
0.547985
0.562491
0.585055
0.595531
0.555238
0.547985
0.581026
0.564908
0.583443
0.576190
0.606007
0.577802
0.608425
0.576996
0.556850
0.560879
0.543150
0.553626
0.514139
0.535092
0.511722
0.498022
0.484322
0.539121
0.511722
0.539927
0.506886
0.548791
0.529451
0.560073
0.547985
0.516557
0.522198
0.511722
0.520586
0.513333
0.509304
0.507692
0.491575
0.510110
0.488352
0.519780
0.578608
0.572161
0.581832
0.569744
0.574579
0.552015
0.576190
0.568938
0.555238
0.539121
0.541538
0.541538
0.536703
0.568938
0.547179
0.570549
0.541538
0.582637
0.596337
0.556850
0.526227
0.552015
0.517363
0.531062
0.515751
0.477875
0.501245
0.542344
0.539927
0.526227
0.509304
0.520586
0.509304
0.498022
0.505275
0.496410
0.503663
0.480293
0.513333
0.529451
0.517363
0.530256
0.517363
0.531062
0.519780
0.554432
0.516557
0.568132
0.542344
0.564908
0.544762
0.562491
0.544762
0.561685
0.606007
0.565714
0.580220
0.552015
0.571355
0.564908
0.585055
0.585055
0.595531
0.588278
0.593919
0.591502
0.593919
0.572161
0.543150
0.555238
0.525421
0.523004
0.522198
0.520586
0.524615
0.516557
0.531868
0.515751
0.547179
0.529451
0.549597
0.527033
0.552015
0.548791
0.502857
0.530256
0.498828
0.510110
0.485128
0.510916
0.490769
0.496410
0.464176
0.503663
0.490769
0.504469
0.559267
0.549597
0.559267
0.551209
0.557656
0.551209
0.552821
0.576190
0.556044
0.526227
0.548791
0.526227
0.540733
0.503663
0.540733
0.531868
0.564908
0.589890
0.565714
0.590696
0.562491
0.590696
0.559267
0.590696
0.546374
0.531868
0.547179
0.555238
0.530256
0.504469
0.523004
0.506081
0.509304
0.504469
0.476264
0.493993
0.531868
0.513333
0.531868
0.514139
0.529451
0.516557
0.528645
0.538315
0.507692
0.519780
0.509304
0.549597
0.554432
0.554432
0.551209
0.558462
0.527033
0.572161
0.584249
0.575385
0.578608
0.564908
0.567326
0.575385
0.607619
0.576996
0.607619
0.582637
0.600366
0.561685
0.547985
0.535092
0.545568
0.535897
0.531062
0.517363
0.533480
0.511722
0.568938
0.510110
0.543956
0.533480
0.543150
0.531868
0.544762
0.531868
0.484322
0.518974
0.513333
0.513333
0.486740
0.507692
0.489158
0.505275
0.551209
0.506886
0.489963
0.510110
0.547985
0.528645
0.555238
0.552821
0.550403
0.538315
0.539121
0.543150
0.535092
0.547179
0.534286
0.551209
0.531868
0.552015
0.537509
0.550403
0.529451
0.571355
0.580220
0.574579
0.576190
0.580220
0.572967
0.567326
0.554432
0.527033
0.527033
0.533480
0.549597
0.520586
0.517363
0.520586
0.515751
0.489963
0.491575
0.474652
0.528645
0.515751
0.533480
0.517363
0.531062
0.516557
0.531062
0.542344
0.531868
0.495604
0.503663
0.498022
0.532674
0.556850
0.556044
0.556044
0.530256
0.577802
0.574579
0.576190
0.580220
0.576190
0.587473
0.568132
0.557656
0.582637
0.601978
0.585861
0.596337
0.570549
0.528645
0.546374
0.529451
0.542344
0.536703
0.539121
0.539121
0.519780
0.546374
0.594725
0.560879
0.539927
0.545568
0.534286
0.546374
0.532674
0.493187
0.518974
0.477875
0.519780
0.485934
0.518974
0.485934
0.518168
0.487546
0.547985
0.526227
0.520586
0.489158
0.535092
0.539121
0.530256
0.542344
0.530256
0.548791
0.530256
0.550403
0.512527
0.490769
0.516557
0.552015
0.523004
0.565714
0.540733
0.556850
0.524615
0.581026
0.575385
0.576996
0.574579
0.552821
0.564908
0.554432
0.569744
0.539121
0.508498
0.535092
0.522198
0.554432
0.522198
0.527033
0.490769
0.511722
0.492381
0.504469
0.518974
0.526227
0.516557
0.528645
0.512527
0.542344
0.531062
0.544762
0.502051
0.498828
0.502857
0.493187
0.523810
0.503663
0.510110
0.544762
0.526227
0.568132
0.580220
0.571355
0.578608
0.575385
0.578608
0.593919
0.580220
0.543956
0.576996
0.602784
0.564908
0.532674
0.551209
0.531062
0.548791
0.532674
0.547179
0.531868
0.545568
0.589890
0.562491
0.589084
0.561685
0.593919
0.552821
0.535092
0.545568
0.527033
0.477070
0.491575
0.474652
0.497216
0.490769
0.514139
0.488352
0.510916
0.548791
0.537509
0.571355
0.538315
0.535092
0.540733
0.529451
0.517363
0.523810
0.543956
0.529451
0.546374
0.526227
0.506886
0.490769
0.511722
0.518168
0.560879
0.548791
0.558462
0.544762
0.570549
0.577802
0.570549
0.581832
0.553626
0.564103
0.555238
0.568132
0.539121
0.510110
0.537509
0.509304
0.537509
0.550403
0.559267
0.518974
0.486740
0.512527
0.493187
0.543956
0.537509
0.531062
0.511722
0.544762
0.535092
0.545568
0.531062
0.533480
0.503663
0.498022
0.505275
0.491575
0.483516
0.488352
0.509304
0.546374
0.585055
0.568938
0.584249
0.568938
0.580220
0.587473
0.593919
0.594725
0.554432
0.564908
0.538315
0.569744
0.536703
0.552015
0.525421
0.552821
0.527033
0.553626
0.528645
0.555238
0.552821
0.576190
0.605201
0.567326
0.589890
0.564103
0.589084
0.554432
0.510110
0.496410
0.485934
0.488352
0.485934
0.483516
0.486740
0.485128
0.511722
0.543150
0.539927
0.564908
0.537509
0.567326
0.537509
0.515751
0.535092
0.515751
0.534286
0.510110
0.552821
0.518974
0.497216
0.502857
0.502051
0.529451
0.498022
0.542344
0.557656
0.551209
0.593919
0.589890
0.590696
0.552015
0.570549
0.552015
0.573773
0.552821
0.548791
0.532674
0.515751
0.532674
0.535092
0.543956
0.535092
0.569744
0.542344
0.523004
0.487546
0.517363
0.543150
0.539927
0.560879
0.537509
0.539927
0.538315
0.537509
0.536703
0.485128
0.516557
0.481099
0.493187
0.473040
0.491575
0.469011
0.512527
0.482711
0.536703
0.580220
0.572967
0.606813
0.580220
0.605201
0.581026
0.597949
0.543956
0.566520
0.545568
0.551209
0.527033
0.554432
0.523004
0.554432
0.522198
0.564908
0.543956
0.567326
0.601172
0.588278
0.596337
0.583443
0.569744
0.585055
0.564908
0.566520
0.517363
0.473040
0.497216
0.474652
0.492381
0.477875
0.492381
0.483516
0.518974
0.539927
0.565714
0.538315
0.565714
0.538315
0.567326
0.541538
0.506081
0.532674
0.507692
0.532674
0.513333
0.498022
0.517363
0.516557
0.518974
0.515751
0.520586
0.515751
0.524615
0.571355
0.606007
0.567326
0.582637
0.560879
0.573773
0.550403
0.572967
0.552821
0.515751
0.532674
0.539927
0.539121
0.543150
0.535897
0.545568
0.529451
0.594725
0.585055
0.529451
0.512527
0.543956
0.568132
0.552821
0.566520
0.556850
0.570549
0.555238
0.529451
0.546374
0.524615
0.512527
0.520586
0.513333
0.515751
0.499634
0.494799
0.503663
0.545568
0.526227
0.547985
0.528645
0.543956
0.506886
0.548791
0.531062
0.510110
0.531062
0.543150
0.538315
0.539121
0.485128
0.515751
0.483516
0.518168
0.538315
0.513333
0.530256
0.532674
0.571355
0.579414
0.573773
0.582637
0.573773
0.583443
0.571355
0.580220
0.533480
0.519780
0.554432
0.520586
0.557656
0.522198
0.556044
0.524615
0.556044
0.548791
0.557656
0.549597
0.554432
0.547985
0.545568
0.536703
0.523810
0.523810
0.519780
0.526227
0.496410
0.518168
0.514139
0.515751
0.522198
0.510916
0.527033
0.510110
0.586667
0.573773
0.580220
0.576190
0.576190
0.576996
0.546374
0.576996
0.539121
0.533480
0.547985
0.529451
0.549597
0.524615
0.552015
0.523810
0.564908
0.580220
0.575385
0.577802
0.515751
0.561685
0.558462
0.561685
0.576190
0.577802
0.581026
0.573773
0.531868
0.498022
0.513333
0.504469
0.524615
0.485128
0.514139
0.486740
0.518168
0.488352
0.532674
0.545568
0.527033
0.545568
0.535897
0.569744
0.527033
0.552015
0.505275
0.498828
0.501245
0.555238
0.522198
0.531062
0.560879
0.550403
0.560073
0.552015
0.559267
0.591502
0.597143
0.591502
0.597143
0.565714
0.589084
0.564908
0.578608
0.539927
0.522198
0.530256
0.493993
0.478681
0.506886
0.489963
0.509304
0.485934
0.528645
0.543150
0.530256
0.567326
0.539927
0.542344
0.538315
0.539121
0.514139
0.486740
0.503663
0.550403
0.506886
0.494799
0.506886
0.506886
0.520586
0.510110
0.519780
0.511722
0.509304
0.543956
0.593919
0.559267
0.596337
0.558462
0.591502
0.558462
0.573773
0.543956
0.535897
0.545568
0.535897
0.545568
0.531868
0.546374
0.532674
0.567326
0.580220
0.543956
0.581832
0.568938
0.577802
0.568132
0.582637
0.565714
0.583443
0.568938
0.582637
0.566520
0.506081
0.501245
0.495604
0.494799
0.502857
0.493187
0.503663
0.493187
0.522198
0.550403
0.525421
0.556044
0.552821
0.551209
0.556850
0.548791
0.508498
0.497216
0.500440
0.498828
0.527033
0.517363
0.531868
0.515751
0.568132
0.541538
0.566520
0.538315
0.595531
0.585055
0.572161
0.582637
0.576190
0.581832
0.577802
0.574579
0.527033
0.517363
0.529451
0.531868
0.496410
0.511722
0.487546
0.506886
0.543956
0.528645
0.544762
0.529451
0.548791
0.532674
0.547985
0.532674
0.515751
0.502051
0.494799
0.501245
0.523004
0.512527
0.488352
0.515751
0.486740
0.531062
0.500440
0.515751
0.483516
0.535092
0.541538
0.538315
0.581832
0.575385
0.585055
0.573773
0.602784
0.556850
0.537509
0.545568
0.530256
0.547179
0.530256
0.548791
0.528645
0.527033
0.577802
0.543956
0.578608
0.541538
0.576996
0.568132
0.566520
0.588278
0.564908
0.590696
0.568132
0.586667
0.550403
0.519780
0.484322
0.493187
0.475458
0.500440
0.497216
0.505275
0.555238
0.523810
0.565714
0.539121
0.564103
0.541538
0.564908
0.545568
0.566520
0.531868
0.493993
0.504469
0.467399
0.497216
0.519780
0.523810
0.520586
0.552821
0.569744
0.537509
0.584249
0.596337
0.566520
0.584249
0.568132
0.583443
0.568132
0.581026
0.554432
0.520586
0.531062
0.518974
0.557656
0.523810
0.510110
0.501245
0.556044
0.522198
0.555238
0.522198
0.536703
0.509304
0.554432
0.525421
0.555238
0.510916
0.498022
0.510916
0.494799
0.530256
0.490769
0.512527
0.489963
0.510110
0.477875
0.504469
0.493993
0.501245
0.497216
0.551209
0.523004
0.554432
0.526227
0.580220
0.602784
0.582637
0.597949
0.556850
0.528645
0.549597
0.530256
0.547985
0.518974
0.529451
0.523810
0.576190
0.547985
0.574579
0.543150
0.573773
0.544762
0.593919
0.558462
0.593919
0.556850
0.593114
0.559267
0.575385
0.548791
0.527839
0.523810
0.525421
0.512527
0.491575
0.506081
0.491575
0.527839
0.548791
0.563297
0.552821
0.560879
0.552821
0.556044
0.551209
0.548791
0.523004
0.487546
0.477875
0.489963
0.474652
0.487546
0.472234
0.491575
0.516557
0.549597
0.531062
0.547985
0.529451
0.568132
0.585055
0.572161
0.585055
0.570549
0.580220
0.576190
0.601172
0.556850
0.523004
0.556850
0.526227
0.556850
0.527839
0.549597
0.519780
0.477070
0.523810
0.520586
0.529451
0.541538
0.541538
0.536703
0.544762
0.542344
0.516557
0.520586
0.513333
0.530256
0.482711
0.491575
0.478681
0.493187
0.484322
0.518168
0.484322
0.517363
0.541538
0.533480
0.568132
0.535897
0.572161
0.536703
0.573773
0.592308
0.576996
0.526227
0.532674
0.518168
0.532674
0.518168
0.530256
0.514139
0.527033
0.573773
0.543956
0.572161
0.568132
0.612454
0.572161
0.566520
0.580220
0.543150
0.578608
0.545568
0.578608
0.543956
0.522198
0.531062
0.515751
0.529451
0.528645
0.512527
0.518168
0.510916
0.536703
0.568132
0.538315
0.568938
0.541538
0.539121
0.539927
0.537509
0.511722
0.477070
0.490769
0.478681
0.485128
0.481905
0.500440
0.498022
0.552821
0.522198
0.506886
0.516557
0.485128
0.523810
0.528645
0.514139
0.528645
0.576190
0.547985
0.572161
0.565714
0.521392
0.555238
0.523004
0.555238
0.525421
0.555238
0.554432
0.555238
0.588278
0.567326
0.590696
0.564103
0.587473
0.563297
0.588278
0.564103
0.538315
0.509304
0.497216
0.505275
0.471429
0.501245
0.468205
0.498828
0.470623
0.513333
0.492381
0.509304
0.556850
0.559267
0.553626
0.560073
0.546374
0.559267
0.546374
0.558462
0.531868
0.550403
0.511722
0.532674
0.515751
0.527033
0.520586
0.522198
0.526227
0.576190
0.562491
0.593919
0.564103
0.592308
0.592308
0.594725
0.579414
0.544762
0.573773
0.546374
0.573773
0.530256
0.520586
0.527033
0.538315
0.543150
0.542344
0.539121
0.513333
0.547985
0.556044
0.550403
0.557656
0.532674
0.550403
0.529451
0.547985
0.511722
0.491575
0.507692
0.474652
0.493187
0.488352
0.510110
0.487546
0.512527
0.538315
0.533480
0.512527
0.485128
0.531062
0.543150
0.532674
0.536703
0.512527
0.532674
0.577802
0.582637
0.548791
0.538315
0.544762
0.535092
0.547985
0.531868
0.549597
0.549597
0.557656
0.585055
0.570549
0.582637
0.571355
0.581832
0.570549
0.579414
0.582637
0.543956
0.506081
0.523810
0.491575
0.504469
0.532674
0.545568
0.535092
0.548791
0.501245
0.497216
0.505275
0.496410
0.538315
0.546374
0.558462
0.539121
0.537509
0.541538
0.539927
0.539121
0.510110
0.485934
0.487546
0.479487
0.488352
0.480293
0.485934
0.485128
0.568132
0.581832
0.570549
0.603590
0.578608
0.604396
0.580220
0.608425
0.543956
0.581026
0.544762
0.524615
0.531062
0.528645
0.552821
0.526227
0.552821
0.525421
0.553626
0.527033
0.569744
0.542344
0.552015
0.529451
0.548791
0.531062
0.544762
0.530256
0.494799
0.502857
0.493993
0.500440
0.496410
0.497216
0.499634
0.496410
0.505275
0.543150
0.531062
0.543150
0.542344
0.528645
0.543956
0.531868
0.548791
0.523810
0.543956
0.528645
0.573773
0.530256
0.546374
0.535092
0.547985
0.535897
0.545568
0.529451
0.518168
0.553626
0.592308
0.556850
0.594725
0.560073
0.597949
0.559267
0.601978
0.576996
0.542344
0.568132
0.514139
0.521392
0.509304
0.494799
0.543150
0.531868
0.544762
0.535092
0.491575
0.515751
0.564908
0.544762
0.565714
0.545568
0.564908
0.536703
0.541538
0.536703
0.495604
0.500440
0.470623
0.498022
0.473846
0.497216
0.472234
0.493187
0.472234
0.539927
0.604396
0.574579
0.606007
0.576996
0.604396
0.579414
0.605201
0.567326
0.557656
0.544762
0.533480
0.545568
0.536703
0.543150
0.539121
0.540733
0.539927
0.537509
0.558462
0.593114
0.546374
0.535897
0.548791
0.536703
0.545568
0.528645
0.497216
0.510916
0.487546
0.527839
0.506081
0.528645
0.484322
0.515751
0.483516
0.533480
0.538315
0.536703
0.528645
0.517363
0.533480
0.543150
0.535092
0.553626
0.551209
0.539121
0.535897
0.485934
0.538315
0.538315
0.540733
0.535897
0.518168
0.527839
0.519780
0.574579
0.548791
0.572161
0.571355
0.583443
0.571355
0.610037
0.577802
0.610037
0.551209
0.561685
0.550403
0.559267
0.518974
0.513333
0.496410
0.472234
0.522198
0.556850
0.520586
0.562491
0.531868
0.567326
0.547985
0.564908
0.550403
0.559267
0.549597
0.548791
0.512527
0.471429
0.497216
0.472234
0.493993
0.475458
0.492381
0.480293
0.489158
0.509304
0.543956
0.538315
0.580220
0.595531
0.585055
0.595531
0.590696
0.546374
0.567326
0.536703
0.535092
0.547179
0.532674
0.549597
0.533480
0.549597
0.535092
0.524615
0.573773
0.570549
0.583443
0.569744
0.536703
0.541538
0.537509
0.538315
0.561685
0.517363
0.507692
0.520586
0.507692
0.523004
0.494799
0.507692
0.494799
0.522198
0.524615
0.523810
0.526227
0.522198
0.528645
0.519780
0.561685
0.527033
0.552015
0.525421
0.549597
0.501245
0.473040
0.489963
0.526227
0.518974
0.520586
0.523004
0.523004
0.545568
0.601172
0.588278
0.597949
0.588278
0.594725
0.589890
0.590696
0.591502
0.539927
0.547985
0.533480
0.539121
0.520586
0.527033
0.498828
0.474652
0.527033
0.522198
0.557656
0.554432
0.548791
0.575385
0.525421
0.519780
0.527033
0.523004
0.527033
0.521392
0.523810
0.493187
0.504469
0.491575
0.504469
0.492381
0.527033
0.500440
0.531062
0.552015
0.525421
0.551209
0.527033
0.551209
0.581026
0.570549
0.580220
0.550403
0.506081
0.543956
0.531868
0.546374
0.541538
0.506886
0.542344
0.506886
0.547985
0.532674
0.543150
0.591502
0.597143
0.588278
0.597949
0.587473
0.549597
0.564103
0.546374
0.531868
0.500440
0.478681
0.493993
0.474652
0.498022
0.474652
0.499634
0.470623
0.518168
0.525421
0.535092
0.539927
0.538315
0.559267
0.550403
0.556044
0.518974
0.530256
0.518974
0.528645
0.474652
0.498828
0.466593
0.494799
0.540733
0.529451
0.560879
0.551209
0.597949
0.591502
0.590696
0.594725
0.586667
0.574579
0.576996
0.582637
0.559267
0.527839
0.545568
0.506886
0.541538
0.504469
0.546374
0.531868
0.491575
0.533480
0.544762
0.535897
0.535092
0.591502
0.558462
0.569744
0.535092
0.506886
0.537509
0.503663
0.545568
0.529451
0.491575
0.514139
0.489963
0.514139
0.485934
0.513333
0.501245
0.515751
0.535897
0.542344
0.531868
0.546374
0.529451
0.551209
0.584249
0.564908
0.528645
0.568938
0.525421
0.550403
0.523810
0.548791
0.527033
0.553626
0.524615
0.551209
0.524615
0.552821
0.523810
0.583443
0.578608
0.585055
0.580220
0.575385
0.578608
0.568938
0.581832
0.547985
0.531868
0.551209
0.509304
0.539927
0.487546
0.477875
0.513333
0.545568
0.530256
0.546374
0.532674
0.573773
0.537509
0.574579
0.536703
0.526227
0.532674
0.513333
0.503663
0.503663
0.497216
0.504469
0.490769
0.523810
0.561685
0.540733
0.580220
0.588278
0.568938
0.581026
0.574579
0.580220
0.579414
0.576190
0.580220
0.539927
0.536703
0.540733
0.535092
0.544762
0.534286
0.549597
0.532674
0.553626
0.531868
0.554432
0.520586
0.531062
0.589084
0.564103
0.590696
0.563297
0.533480
0.547985
0.532674
0.540733
0.481099
0.493187
0.507692
0.498828
0.510110
0.492381
0.505275
0.490769
0.535897
0.568938
0.541538
0.571355
0.539121
0.546374
0.529451
0.548791
0.541538
0.550403
0.515751
0.529451
0.519780
0.530256
0.519780
0.528645
0.528645
0.552015
0.531062
0.551209
0.529451
0.554432
0.564908
0.555238
0.564908
0.557656
0.564103
0.562491
0.576190
0.554432
0.546374
0.568132
0.549597
0.564908
0.550403
0.559267
0.520586
0.510916
0.555238
0.535897
0.535897
0.509304
0.537509
0.506886
0.536703
0.504469
0.486740
0.481099
0.536703
0.503663
0.496410
0.502857
0.499634
0.513333
0.517363
0.497216
0.530256
0.556850
0.592308
0.557656
0.591502
0.559267
0.568938
0.557656
0.567326
0.548791
0.506886
0.537509
0.532674
0.545568
0.535092
0.571355
0.539121
0.568938
0.587473
0.594725
0.539927
0.568132
0.539121
0.567326
0.593919
0.589890
0.593919
0.592308
0.551209
0.560879
0.535092
0.487546
0.518168
0.481905
0.489963
0.480293
0.488352
0.481099
0.519780
0.525421
0.522198
0.526227
0.549597
0.531062
0.561685
0.551209
0.560879
0.517363
0.559267
0.547985
0.559267
0.525421
0.554432
0.524615
0.554432
0.581026
0.552821
0.551209
0.555238
0.601978
0.578608
0.608425
0.580220
0.585055
0.570549
0.584249
0.558462
0.573773
0.531062
0.514139
0.532674
0.513333
0.557656
0.523004
0.557656
0.523004
0.555238
0.518974
0.552015
0.546374
0.557656
0.524615
0.556044
0.530256
0.499634
0.504469
0.492381
0.504469
0.498022
0.499634
0.498828
0.485128
0.484322
0.480293
0.485128
0.537509
0.564103
0.551209
0.563297
0.560879
0.604396
0.575385
0.604396
0.577802
0.544762
0.567326
0.544762
0.570549
0.541538
0.546374
0.532674
0.546374
0.571355
0.552015
0.572161
0.550403
0.520586
0.536703
0.531062
0.549597
0.584249
0.600366
0.584249
0.591502
0.526227
0.490769
0.477875
0.493187
0.478681
0.493187
0.477070
0.497216
0.485934
0.543956
0.533480
0.543956
0.528645
0.556850
0.550403
0.563297
0.545568
0.515751
0.498828
0.500440
0.520586
0.556850
0.520586
0.552821
0.522198
0.555238
0.568132
0.583443
0.529451
0.552015
0.574579
0.581832
0.577802
0.568132
0.556044
0.575385
0.582637
0.570549
0.532674
0.544762
0.529451
0.541538
0.530256
0.544762
0.509304
0.546374
0.533480
0.564908
0.535897
0.550403
0.531062
0.550403
0.528645
0.573773
0.537509
0.514139
0.515751
0.497216
0.498828
0.497216
0.497216
0.504469
0.519780
0.506886
0.523810
0.493993
0.504469
0.551209
0.525421
0.552821
0.527033
0.533480
0.515751
0.531868
0.518974
0.525421
0.523810
0.538315
0.540733
0.534286
0.567326
0.536703
0.570549
0.537509
0.589890
0.594725
0.595531
0.591502
0.600366
0.577802
0.568132
0.555238
0.568938
0.584249
0.578608
0.557656
0.515751
0.491575
0.516557
0.487546
0.511722
0.485128
0.507692
0.486740
0.535092
0.562491
0.535897
0.546374
0.529451
0.549597
0.527839
0.551209
0.507692
0.493993
0.494799
0.470623
0.510916
0.529451
0.507692
0.550403
0.581026
0.572967
0.585055
0.582637
0.541538
0.564103
0.556044
0.588278
0.565714
0.586667
0.572161
0.584249
0.569744
0.549597
0.562491
0.550403
0.555238
0.555238
0.552821
0.547985
0.528645
0.542344
0.577802
0.541538
0.522198
0.527839
0.515751
0.530256
0.517363
0.478681
0.510916
0.510110
0.523004
0.510110
0.519780
0.509304
0.491575
0.503663
0.497216
0.502857
0.552821
0.527033
0.551209
0.524615
0.540733
0.577802
0.543956
0.582637
0.571355
0.535092
0.543956
0.537509
0.541538
0.567326
0.543956
0.564103
0.542344
0.596337
0.585861
0.583443
0.572161
0.584249
0.576996
0.557656
0.512527
0.478681
0.491575
0.477070
0.582637
0.558462
0.557656
0.550403
0.498828
0.502857
0.493993
0.506886
0.490769
0.490769
0.540733
0.509304
0.539927
0.506886
0.538315
0.509304
0.533480
0.538315
0.506081
0.525421
0.509304
0.524615
0.510916
0.520586
0.543150
0.565714
0.593919
0.568938
0.578608
0.550403
0.568132
0.552821
0.589890
0.581832
0.596337
0.581026
0.601172
0.581026
0.606007
0.561685
0.552821
0.550403
0.524615
0.525421
0.523004
0.525421
0.519780
0.527033
0.571355
0.556850
0.568938
0.567326
0.539121
0.533480
0.547985
0.532674
0.511722
0.527839
0.505275
0.525421
0.492381
0.504469
0.493187
0.504469
0.476264
0.513333
0.484322
0.507692
0.547985
0.562491
0.545568
0.564103
0.545568
0.567326
0.523810
0.557656
0.518974
0.499634
0.506886
0.497216
0.518974
0.527839
0.518974
0.551209
0.529451
0.589084
0.565714
0.590696
0.563297
0.593114
0.559267
0.592308
0.552015
0.538315
0.539927
0.533480
0.554432
0.525421
0.542344
0.535897
0.543956
0.538315
0.543956
0.535897
0.543150
0.589890
0.572161
0.593114
0.541538
0.533480
0.539927
0.536703
0.543150
0.539927
0.500440
0.510916
0.515751
0.512527
0.496410
0.505275
0.493187
0.509304
0.544762
0.531062
0.543956
0.509304
0.535092
0.506886
0.589084
0.588278
0.595531
0.586667
0.596337
0.538315
0.548791
0.535092
0.547985
0.519780
0.529451
0.522198
0.525421
0.523004
0.583443
0.567326
0.584249
0.565714
0.587473
0.564908
0.537509
0.542344
0.518974
0.505275
0.498828
0.499634
0.500440
0.494799
0.502857
0.492381
0.506886
0.544762
0.518974
0.496410
0.538315
0.538315
0.542344
0.538315
0.542344
0.534286
0.539927
0.533480
0.543150
0.510110
0.496410
0.511722
0.490769
0.510916
0.542344
0.531062
0.545568
0.564908
0.559267
0.560879
0.561685
0.585055
0.570549
0.583443
0.571355
0.552015
0.567326
0.542344
0.567326
0.546374
0.527033
0.555238
0.526227
0.554432
0.528645
0.554432
0.550403
0.559267
0.609231
0.576190
0.610842
0.576190
0.533480
0.554432
0.531062
0.544762
0.488352
0.485934
0.485934
0.485934
0.485934
0.485128
0.486740
0.484322
0.531868
0.564908
0.544762
0.564103
0.541538
0.564103
0.538315
0.564908
0.569744
0.571355
0.584249
0.570549
0.535897
0.549597
0.531868
0.550403
0.527839
0.549597
0.525421
0.551209
0.584249
0.569744
0.585055
0.572161
0.581832
0.570549
0.577802
0.574579
0.549597
0.500440
0.535092
0.499634
0.513333
0.490769
0.511722
0.491575
0.506886
0.524615
0.519780
0.522198
0.510916
0.541538
0.545568
0.563297
0.547985
0.543150
0.533480
0.545568
0.533480
0.498828
0.506886
0.473040
0.498022
0.471429
0.496410
0.471429
0.522198
0.591502
0.561685
0.591502
0.585055
0.594725
0.587473
0.593919
0.587473
0.595531
0.558462
0.552015
0.558462
0.541538
0.518168
0.531868
0.539927
0.539927
0.565714
0.539927
0.571355
0.541538
0.580220
0.600366
0.589084
0.593919
0.589084
0.568938
0.531868
0.513333
0.530256
0.497216
0.474652
0.498022
0.473040
0.496410
0.474652
0.514139
0.486740
0.550403
0.550403
0.555238
0.547985
0.558462
0.546374
0.557656
0.525421
0.510110
0.573773
0.580220
0.526227
0.558462
0.525421
0.556850
0.524615
0.552821
0.506886
0.539121
0.503663
0.567326
0.587473
0.564103
0.588278
0.559267
0.590696
0.576996
0.606813
0.565714
0.518168
0.522198
0.515751
0.523004
0.503663
0.497216
0.481099
0.526227
0.518168
0.523810
0.521392
0.520586
0.553626
0.551209
0.558462
0.547985
0.562491
0.526227
0.553626
0.527033
0.479487
0.489963
0.474652
0.491575
0.474652
0.487546
0.474652
0.486740
0.572967
0.542344
0.597143
0.583443
0.597949
0.588278
0.600366
0.589084
0.540733
0.574579
0.536703
0.546374
0.529451
0.544762
0.517363
0.525421
0.535897
0.573773
0.542344
0.573773
0.526227
0.571355
0.575385
0.543150
0.572967
0.544762
0.573773
0.545568
0.518974
0.506886
0.494799
0.506886
0.498828
0.503663
0.518168
0.514139
0.510110
0.555238
0.535897
0.535092
0.543150
0.535092
0.545568
0.535092
0.543956
0.520586
0.478681
0.509304
0.533480
0.543150
0.535897
0.549597
0.550403
0.561685
0.545568
0.564103
0.541538
0.581026
0.599560
0.586667
0.596337
0.562491
0.568938
0.556850
0.567326
0.531062
0.523810
0.524615
0.501245
0.470623
0.505275
0.494799
0.501245
0.497216
0.556044
0.546374
0.559267
0.546374
0.559267
0.527033
0.530256
0.536703
0.542344
0.537509
0.564103
0.545568
0.526227
0.504469
0.524615
0.493187
0.516557
0.484322
0.515751
0.485128
0.539121
0.535897
0.549597
0.563297
0.573773
0.577802
0.576996
0.579414
0.576996
0.548791
0.526227
0.549597
0.522198
0.531062
0.520586
0.555238
0.523004
0.577802
0.529451
0.547179
0.530256
0.563297
0.587473
0.571355
0.576996
0.576190
0.576996
0.580220
0.571355
0.546374
0.518168
0.513333
0.518168
0.516557
0.506886
0.494799
0.504469
0.500440
0.553626
0.523004
0.539121
0.510110
0.537509
0.511722
0.535092
0.511722
0.498022
0.503663
0.492381
0.527033
0.481905
0.497216
0.471429
0.496410
0.488352
0.510110
0.490769
0.505275
0.588278
0.596337
0.589084
0.597949
0.582637
0.599560
0.581026
0.603590
0.578608
0.526227
0.536703
0.510110
0.535092
0.507692
0.535897
0.507692
0.537509
0.564908
0.566520
0.587473
0.550403
0.547985
0.562491
0.544762
0.538315
0.540733
0.542344
0.539121
0.516557
0.489158
0.516557
0.491575
0.510110
0.493187
0.507692
0.496410
0.504469
0.523004
0.535092
0.512527
0.549597
0.577802
0.576996
0.576190
0.577802
0.523810
0.552821
0.545568
0.556850
0.548791
0.552821
0.550403
0.552821
0.552015
0.589890
0.563297
0.535897
0.582637
0.569744
0.581832
0.571355
0.599560
0.590696
0.601172
0.585055
0.597949
0.539927
0.533480
0.517363
0.485128
0.496410
0.474652
0.492381
0.473846
0.520586
0.523004
0.523004
0.518974
0.523810
0.559267
0.551209
0.560073
0.526227
0.514139
0.514139
0.513333
0.515751
0.517363
0.473040
0.495604
0.477070
0.491575
0.500440
0.501245
0.510110
0.568938
0.597949
0.585055
0.597143
0.585055
0.596337
0.587473
0.593919
0.556850
0.518974
0.532674
0.513333
0.530256
0.513333
0.529451
0.512527
0.548791
0.575385
0.575385
0.574579
0.576996
0.529451
0.567326
0.542344
0.564908
0.576190
0.549597
0.575385
0.549597
0.510916
0.477875
0.511722
0.487546
0.512527
0.485128
0.520586
0.510916
0.535897
0.568132
0.541538
0.542344
0.533480
0.538315
0.536703
0.539121
0.539927
0.493187
0.499634
0.475458
0.545568
0.527033
0.548791
0.528645
0.552015
0.588278
0.566520
0.584249
0.565714
0.583443
0.583443
0.597143
0.583443
0.599560
0.583443
0.600366
0.571355
0.539927
0.555238
0.515751
0.481099
0.494799
0.473040
0.497216
0.472234
0.512527
0.531062
0.512527
0.553626
0.520586
0.557656
0.546374
0.561685
0.533480
0.501245
0.535092
0.500440
0.510110
0.492381
0.510110
0.510916
0.515751
0.515751
0.517363
0.520586
0.560073
0.550403
0.557656
0.583443
0.563297
0.586667
0.568938
0.564908
0.553626
0.505275
0.541538
0.506081
0.547985
0.529451
0.545568
0.529451
0.543956
0.570549
0.583443
0.568938
0.597949
0.572161
0.589084
0.543956
0.532674
0.512527
0.494799
0.506886
0.494799
0.481099
0.484322
0.482711
0.485128
0.481905
0.485934
0.522198
0.511722
0.542344
0.571355
0.543150
0.572161
0.543150
0.571355
0.595531
0.563297
0.531868
0.549597
0.516557
0.530256
0.515751
0.529451
0.513333
0.527033
0.581026
0.564103
0.582637
0.568938
0.584249
0.570549
0.543150
0.576996
0.543150
0.574579
0.545568
0.574579
0.563297
0.525421
0.556044
0.524615
0.552821
0.522198
0.510916
0.523810
0.506081
0.539121
0.545568
0.536703
0.543150
0.539927
0.537509
0.543956
0.535092
0.505275
0.480293
0.494799
0.505275
0.489963
0.509304
0.488352
0.511722
0.490769
0.516557
0.487546
0.515751
0.486740
0.530256
0.539927
0.509304
0.545568
0.589084
0.559267
0.589890
0.559267
0.533480
0.547985
0.530256
0.549597
0.520586
0.526227
0.531062
0.550403
0.584249
0.568938
0.585055
0.571355
0.583443
0.576190
0.604396
0.576996
0.564103
0.521392
0.485934
0.515751
0.486740
0.485128
0.482711
0.509304
0.491575
0.510110
0.498022
0.531868
0.552015
0.555238
0.547985
0.559267
0.535092
0.543150
0.534286
0.546374
0.532674
0.552821
0.518974
0.530256
0.513333
0.546374
0.531062
0.543956
0.533480
0.578608
0.571355
0.581832
0.569744
0.584249
0.549597
0.584249
0.570549
0.552821
0.569744
0.547985
0.574579
0.556044
0.518974
0.557656
0.522198
0.557656
0.525421
0.556850
0.520586
0.552821
0.527033
0.549597
0.529451
0.543956
0.530256
0.543956
0.535092
0.542344
0.516557
0.523004
0.506081
0.494799
0.500440
0.494799
0.500440
0.501245
0.528645
0.525421
0.486740
0.510110
0.543150
0.533480
0.551209
0.539121
0.538315
0.541538
0.590696
0.560879
0.559267
0.548791
0.533480
0.533480
0.518168
0.535897
0.515751
0.533480
0.531062
0.571355
0.576996
0.574579
0.577802
0.601978
0.577802
0.607619
0.577802
0.565714
0.521392
0.514139
0.510110
0.481905
0.546374
0.564103
0.546374
0.570549
0.523810
0.506886
0.519780
0.485934
0.531062
0.535092
0.516557
0.531062
0.515751
0.529451
0.515751
0.528645
0.496410
0.470623
0.493993
0.507692
0.524615
0.509304
0.524615
0.504469
0.603590
0.568938
0.609231
0.568132
0.591502
0.564908
0.593919
0.559267
0.556850
0.568132
0.565714
0.568938
0.546374
0.533480
0.541538
0.533480
0.538315
0.545568
0.557656
0.550403
0.558462
0.556850
0.533480
0.548791
0.523810
0.552821
0.515751
0.530256
0.494799
0.471429
0.499634
0.474652
0.500440
0.468205
0.504469
0.504469
0.547985
0.557656
0.552821
0.552015
0.493993
0.530256
0.513333
0.529451
0.516557
0.557656
0.549597
0.563297
0.603590
0.559267
0.548791
0.560879
0.551209
0.560879
0.548791
0.549597
0.520586
0.543150
0.564908
0.552015
0.567326
0.552821
0.568938
0.556044
0.596337
0.556850
0.535897
0.543150
0.506886
0.520586
0.514139
0.523810
0.513333
0.558462
0.523810
0.558462
0.532674
0.503663
0.548791
0.560879
0.548791
0.552821
0.527033
0.549597
0.531062
0.544762
0.510916
0.497216
0.502051
0.477875
0.487546
0.499634
0.494799
0.501245
0.489963
0.528645
0.549597
0.588278
0.560879
0.568132
0.552821
0.587473
0.567326
0.535897
0.576996
0.576996
0.580220
0.550403
0.507692
0.544762
0.532674
0.541538
0.536703
0.543150
0.541538
0.580220
0.577802
0.596337
0.580220
0.601172
0.581832
0.581026
0.576996
0.581026
0.522198
0.484322
0.491575
0.475458
0.489963
0.477070
0.490769
0.478681
0.528645
0.531868
0.551209
0.550403
0.531062
0.552015
0.528645
0.554432
0.520586
0.529451
0.518168
0.485128
0.523004
0.555238
0.524615
0.556850
0.524615
0.558462
0.523810
0.570549
0.601978
0.575385
0.576996
0.574579
0.578608
0.574579
0.574579
0.574579
0.523810
0.555238
0.546374
0.561685
0.533480
0.490769
0.505275
0.489158
0.535897
0.548791
0.535092
0.544762
0.535897
0.541538
0.539121
0.539121
0.542344
0.541538
0.545568
0.535092
0.545568
0.505275
0.491575
0.506081
0.490769
0.510916
0.473846
0.498828
0.473040
0.505275
0.543150
0.530256
0.574579
0.574579
0.581026
0.577802
0.606813
0.580220
0.565714
0.548791
0.546374
0.562491
0.539121
0.531868
0.544762
0.531868
0.543150
0.530256
0.544762
0.535897
0.585055
0.595531
0.589084
0.594725
0.589084
0.593919
0.565714
0.585055
0.542344
0.516557
0.480293
0.502051
0.472234
0.501245
0.469011
0.502857
0.467399
0.523004
0.568938
0.539927
0.564908
0.539927
0.526227
0.552015
0.530256
0.547985
0.523810
0.541538
0.499634
0.498022
0.537509
0.537509
0.542344
0.537509
0.543150
0.532674
0.558462
0.567326
0.557656
0.589890
0.564103
0.588278
0.566520
0.586667
0.551209
0.543956
0.567326
0.543956
0.560073
0.545568
0.510110
0.514139
0.486740
0.546374
0.529451
0.546374
0.535897
0.560073
0.538315
0.545568
0.543956
0.568938
0.543150
0.572161
0.538315
0.507692
0.505275
0.498022
0.501245
0.479487
0.486740
0.477875
0.483516
0.523810
0.517363
0.523810
0.524615
0.548791
0.602784
0.577802
0.606007
0.577802
0.556044
0.555238
0.559267
0.552821
0.552821
0.518974
0.552821
0.522198
0.562491
0.550403
0.559267
0.554432
0.601172
0.585055
0.601172
0.583443
0.593919
0.551209
0.568132
0.550403
0.566520
0.535897
0.507692
0.539927
0.488352
0.489963
0.515751
0.486740
0.515751
0.562491
0.545568
0.559267
0.548791
0.554432
0.541538
0.538315
0.540733
0.536703
0.543956
0.522198
0.473846
0.501245
0.465788
0.499634
0.547985
0.520586
0.551209
0.519780
0.586667
0.597949
0.588278
0.601978
0.582637
0.606813
0.578608
0.608425
0.568938
0.511722
0.539121
0.506886
0.537509
0.507692
0.535897
0.506886
0.499634
0.511722
0.542344
0.539121
0.522198
0.535897
0.569744
0.551209
0.514139
0.535897
0.506081
0.536703
0.506081
0.545568
0.531062
0.498022
0.531062
0.498022
0.533480
0.499634
0.531062
0.503663
0.543956
0.535897
0.546374
0.531062
0.545568
0.510916
0.543956
0.565714
0.537509
0.531868
0.543150
0.535897
0.536703
0.537509
0.564103
0.532674
0.548791
0.535897
0.536703
0.506886
0.537509
0.571355
0.546374
0.572161
0.557656
0.593919
0.565714
0.589890
0.566520
0.538315
0.555238
0.552015
0.553626
0.536703
0.518168
0.485934
0.518168
0.485934
0.538315
0.542344
0.532674
0.543150
0.541538
0.543956
0.526227
0.552015
0.519780
0.518168
0.502857
0.471429
0.507692
0.493187
0.511722
0.523004
0.558462
0.548791
0.561685
0.606007
0.581026
0.604396
0.587473
0.576996
0.586667
0.559267
0.566520
0.519780
0.523810
0.521392
0.518974
0.527033
0.539927
0.539121
0.536703
0.547985
0.539121
0.564908
0.540733
0.568132
0.578608
0.545568
0.577802
0.545568
0.527839
0.524615
0.523810
0.543956
0.489963
0.510916
0.511722
0.520586
0.513333
0.522198
0.510110
0.519780
0.488352
0.529451
0.549597
0.530256
0.551209
0.527033
0.552015
0.515751
0.545568
0.523004
0.552821
0.523004
0.554432
0.524615
0.555238
0.525421
0.531868
0.535897
0.541538
0.530256
0.519780
0.575385
0.543150
0.582637
0.568938
0.583443
0.571355
0.581026
0.570549
0.550403
0.556044
0.521392
0.557656
0.523004
0.556850
0.525421
0.503663
0.508498
0.552015
0.530256
0.547985
0.555238
0.551209
0.558462
0.547179
0.538315
0.502857
0.494799
0.517363
0.491575
0.526227
0.505275
0.518974
0.505275
0.519780
0.510110
0.546374
0.607619
0.571355
0.583443
0.572967
0.582637
0.558462
0.561685
0.559267
0.543956
0.530256
0.551209
0.528645
0.548791
0.523810
0.547985
0.525421
0.552821
0.568938
0.589890
0.527033
0.550403
0.526227
0.550403
0.572161
0.582637
0.576190
0.607619
0.556850
0.531062
0.522198
0.493187
0.507692
0.496410
0.501245
0.497216
0.498828
0.498022
0.498828
0.516557
0.552015
0.518974
0.552015
0.520586
0.552821
0.523004
0.550403
0.494799
0.527033
0.515751
0.526227
0.529451
0.544762
0.532674
0.543956
0.535897
0.521392
0.520586
0.523810
0.574579
0.544762
0.576996
0.544762
0.590696
0.564908
0.590696
0.564908
0.537509
0.533480
0.504469
0.527033
0.509304
0.512527
0.490769
0.505275
0.524615
0.550403
0.525421
0.552015
0.528645
0.530256
0.523810
0.552015
0.497216
0.505275
0.494799
0.503663
0.496410
0.490769
0.478681
0.498828
0.499634
0.502857
0.498022
0.503663
0.495604
0.571355
0.577802
0.570549
0.558462
0.562491
0.581832
0.573773
0.585055
0.530256
0.555238
0.529451
0.552821
0.552821
0.556044
0.554432
0.554432
0.556044
0.588278
0.568938
0.586667
0.538315
0.530256
0.515751
0.527033
0.585055
0.581026
0.568938
0.582637
0.551209
0.519780
0.478681
0.491575
0.476264
0.487546
0.477875
0.487546
0.480293
0.547985
0.529451
0.561685
0.547179
0.564103
0.543956
0.562491
0.541538
0.523810
0.520586
0.507692
0.510110
0.535897
0.515751
0.528645
0.514139
0.524615
0.558462
0.564103
0.562491
0.540733
0.601978
0.579414
0.568938
0.558462
0.567326
0.556044
0.564103
0.558462
0.528645
0.524615
0.524615
0.539121
0.543150
0.539121
0.562491
0.551209
0.560879
0.576996
0.560879
0.551209
0.539121
0.535092
0.539927
0.536703
0.539927
0.498828
0.498022
0.489963
0.474652
0.496410
0.497216
0.473846
0.493187
0.473846
0.488352
0.502857
0.539121
0.533480
0.546374
0.597143
0.583443
0.600366
0.586667
0.599560
0.578608
0.537509
0.568132
0.530256
0.536703
0.512527
0.535897
0.515751
0.535092
0.559267
0.564908
0.555238
0.567326
0.575385
0.543956
0.544762
0.558462
0.520586
0.568938
0.552015
0.568132
0.536703
0.498828
0.473846
0.493187
0.477070
0.493187
0.497216
0.533480
0.504469
0.547985
0.562491
0.546374
0.563297
0.545568
0.566520
0.531868
0.544762
0.509304
0.490769
0.483516
0.479487
0.482711
0.531868
0.511722
0.543956
0.592308
0.560879
0.589890
0.564103
0.486740
0.556044
0.558462
0.560879
0.578608
0.574579
0.581026
0.580220
0.575385
0.541538
0.556044
0.549597
0.558462
0.531062
0.546374
0.530256
0.552015
0.584249
0.568132
0.586667
0.556044
0.527839
0.572161
0.529451
0.548791
0.521392
0.488352
0.507692
0.485128
0.507692
0.490769
0.493187
0.514139
0.512527
0.516557
0.512527
0.492381
0.531868
0.531062
0.512527
0.532674
0.574579
0.543150
0.576996
0.543150
0.532674
0.548791
0.528645
0.548791
0.527839
0.558462
0.550403
0.559267
0.608425
0.570549
0.583443
0.571355
0.585055
0.571355
0.588278
0.544762
0.539927
0.500440
0.489158
0.608425
0.564103
0.531868
0.551209
0.502857
0.498828
0.504469
0.496410
0.488352
0.475458
0.526227
0.552015
0.528645
0.548791
0.531868
0.543956
0.535092
0.538315
0.509304
0.481099
0.484322
0.503663
0.493187
0.510110
0.545568
0.530256
0.563297
0.582637
0.596337
0.586667
0.601172
0.583443
0.544762
0.593114
0.556044
0.592308
0.556044
0.597143
0.584249
0.577802
0.560879
0.545568
0.538315
0.538315
0.535092
0.537509
0.512527
0.533480
0.551209
0.570549
0.555238
0.564908
0.558462
0.541538
0.531868
0.569744
0.531062
0.510110
0.518168
0.512527
0.520586
0.512527
0.523810
0.510110
0.494799
0.501245
0.499634
0.498022
0.501245
0.565714
0.531868
0.541538
0.531062
0.544762
0.533480
0.567326
0.587473
0.571355
0.539121
0.567326
0.547985
0.541538
0.542344
0.537509
0.543150
0.530256
0.568938
0.583443
0.543956
0.576190
0.541538
0.573773
0.541538
0.574579
0.561685
0.502051
0.582637
0.571355
0.581832
0.570549
0.577802
0.523004
0.548791
0.512527
0.535092
0.498022
0.477070
0.506081
0.493993
0.519780
0.552015
0.524615
0.560879
0.548791
0.564908
0.548791
0.562491
0.543956
0.511722
0.506081
0.493187
0.479487
0.486740
0.483516
0.486740
0.515751
0.544762
0.571355
0.509304
0.522198
0.513333
0.559267
0.535897
0.549597
0.593114
0.556044
0.564103
0.556044
0.561685
0.543150
0.506081
0.538315
0.510110
0.537509
0.534286
0.557656
0.552821
0.597143
0.581026
0.598755
0.578608
0.600366
0.579414
0.577802
0.552821
0.523004
0.501245
0.498022
0.471429
0.497216
0.509304
0.493187
0.503663
0.485934
0.481099
0.492381
0.510110
0.493187
0.553626
0.526227
0.550403
0.524615
0.552821
0.552821
0.556850
0.609231
0.573773
0.535092
0.546374
0.532674
0.543956
0.522198
0.535092
0.510110
0.537509
0.572161
0.551209
0.568132
0.547985
0.568938
0.557656
0.601978
0.565714
0.581026
0.568938
0.580220
0.545568
0.572161
0.548791
0.518168
0.528645
0.516557
0.527839
0.524615
0.548791
0.523004
0.506081
0.539121
0.562491
0.544762
0.561685
0.550403
0.560879
0.552821
0.539927
0.507692
0.474652
0.493993
0.474652
0.490769
0.478681
0.490769
0.481099
0.497216
0.524615
0.510110
0.525421
0.469011
0.513333
0.525421
0.514139
0.529451
0.518168
0.556044
0.564103
0.554432
0.532674
0.552821
0.523810
0.558462
0.548791
0.562491
0.549597
0.557656
0.552821
0.588278
0.563297
0.588278
0.565714
0.589890
0.568938
0.577802
0.550403
0.478681
0.504469
0.492381
0.494799
0.509304
0.493187
0.531062
0.503663
0.529451
0.504469
0.525421
0.543150
0.564103
0.542344
0.548791
0.515751
0.526227
0.516557
0.525421
0.512527
0.528645
0.514139
0.528645
0.513333
0.552821
0.517363
0.561685
0.541538
0.580220
0.597143
0.581832
0.601172
0.582637
0.576996
0.578608
0.582637
0.600366
0.587473
0.601978
0.585055
0.544762
0.569744
0.539121
0.554432
0.521392
0.554432
0.524615
0.554432
0.510110
0.531868
0.518974
0.524615
0.522198
0.547985
0.527033
0.547985
0.531868
0.499634
0.505275
0.496410
0.522198
0.497216
0.497216
0.500440
0.494799
0.504469
0.543956
0.510110
0.492381
0.553626
0.523810
0.553626
0.551209
0.558462
0.551209
0.558462
0.585055
0.568132
0.529451
0.550403
0.525421
0.549597
0.527033
0.548791
0.526227
0.547179
0.586667
0.560879
0.589084
0.559267
0.588278
0.560879
0.588278
0.554432
0.518974
0.529451
0.487546
0.490769
0.514139
0.547985
0.535897
0.545568
0.531062
0.541538
0.514139
0.481905
0.515751
0.534286
0.513333
0.531062
0.538315
0.539121
0.543150
0.535092
0.542344
0.486740
0.512527
0.514139
0.512527
0.519780
0.511722
0.525421
0.501245
0.505275
0.573773
0.573773
0.555238
0.561685
0.560879
0.556850
0.564103
0.550403
0.585861
0.600366
0.585055
0.581026
0.550403
0.529451
0.543956
0.527033
0.538315
0.505275
0.541538
0.506081
0.554432
0.568938
0.556044
0.569744
0.564103
0.597143
0.588278
0.597949
0.564908
0.514139
0.517363
0.513333
0.514139
0.513333
0.504469
0.496410
0.489158
0.517363
0.533480
0.485128
0.532674
0.542344
0.535092
0.541538
0.539121
0.538315
0.541538
0.536703
0.545568
0.530256
0.547985
0.528645
0.552015
0.546374
0.568938
0.544762
0.568132
0.580220
0.573773
0.576996
0.575385
0.574579
0.557656
0.568132
0.558462
0.523004
0.521392
0.511722
0.471429
0.505275
0.498022
0.529451
0.552015
0.529451
0.553626
0.526227
0.496410
0.492381
0.527033
0.516557
0.529451
0.518168
0.554432
0.527033
0.552821
0.530256
0.515751
0.518168
0.516557
0.516557
0.516557
0.515751
0.515751
0.510916
0.550403
0.515751
0.556044
0.568132
0.556850
0.567326
0.560073
0.563297
0.519780
0.525421
0.564103
0.554432
0.526227
0.528645
0.520586
0.535092
0.518974
0.536703
0.511722
0.543956
0.531062
0.585055
0.595531
0.589084
0.593919
0.593919
0.590696
0.597949
0.577802
0.542344
0.517363
0.485128
0.512527
0.484322
0.485128
0.488352
0.485128
0.498022
0.556044
0.520586
0.555238
0.526227
0.560879
0.545568
0.562491
0.543150
0.567326
0.542344
0.526227
0.515751
0.546374
0.510916
0.531868
0.512527
0.529451
0.518974
0.529451
0.579414
0.542344
0.580220
0.581832
0.603590
0.581026
0.606007
0.579414
0.563297
0.548791
0.565714
0.546374
0.545568
0.516557
0.490769
0.507692
0.564103
0.539121
0.569744
0.539121
0.567326
0.537509
0.572967
0.533480
0.543150
0.512527
0.533480
0.513333
0.532674
0.494799
0.478681
0.489963
0.487546
0.512527
0.489963
0.505275
0.491575
0.551209
0.538315
0.564103
0.541538
0.573773
0.575385
0.576996
0.572967
0.573773
0.525421
0.549597
0.556044
0.528645
0.518168
0.530256
0.526227
0.554432
0.527033
0.561685
0.547985
0.574579
0.607619
0.573773
0.601978
0.552821
0.560879
0.552821
0.539927
0.504469
0.468205
0.493993
0.465788
0.498828
0.469011
0.499634
0.468205
0.527033
0.545568
0.526227
0.547985
0.551209
0.556044
0.551209
0.519780
0.517363
0.525421
0.512527
0.530256
0.535092
0.494799
0.510916
0.514139
0.537509
0.567326
0.536703
0.568938
0.536703
0.569744
0.582637
0.575385
0.581026
0.580220
0.581026
0.572161
0.556044
0.558462
0.547179
0.535092
0.549597
0.530256
0.551209
0.527033
0.505275
0.497216
0.535897
0.527033
0.552821
0.531868
0.556044
0.590696
0.545568
0.531062
0.543956
0.531868
0.544762
0.531868
0.503663
0.509304
0.493993
0.506081
0.493187
0.505275
0.490769
0.510916
0.522198
0.539927
0.551209
0.528645
0.546374
0.524615
0.562491
0.587473
0.544762
0.522198
0.531062
0.517363
0.529451
0.498828
0.532674
0.547985
0.536703
0.523004
0.531062
0.517363
0.532674
0.513333
0.555238
0.593114
0.559267
0.593114
0.576190
0.606007
0.578608
0.603590
0.564908
0.543956
0.563297
0.540733
0.506081
0.486740
0.476264
0.486740
0.535092
0.505275
0.535897
0.506886
0.534286
0.509304
0.539121
0.534286
0.541538
0.533480
0.542344
0.518168
0.506886
0.496410
0.514139
0.495604
0.547985
0.535092
0.543956
0.531062
0.557656
0.589084
0.559267
0.570549
0.555238
0.568132
0.552821
0.588278
0.544762
0.531062
0.548791
0.533480
0.567326
0.543150
0.566520
0.538315
0.564908
0.541538
0.565714
0.531062
0.538315
0.559267
0.591502
0.556044
0.535897
0.541538
0.544762
0.561685
0.542344
0.513333
0.513333
0.510110
0.510110
0.488352
0.507692
0.484322
0.490769
0.535092
0.507692
0.531868
0.507692
0.531062
0.507692
0.530256
0.562491
0.574579
0.539121
0.570549
0.539927
0.570549
0.542344
0.497216
0.525421
0.523810
0.526227
0.524615
0.521392
0.537509
0.606007
0.571355
0.613260
0.575385
0.611648
0.575385
0.611648
0.573773
0.557656
0.559267
0.526227
0.550403
0.507692
0.540733
0.488352
0.481905
0.498828
0.538315
0.506886
0.547985
0.523810
0.543956
0.529451
0.545568
0.556044
0.566520
0.543956
0.567326
0.518168
0.485128
0.518168
0.481099
0.516557
0.481905
0.515751
0.527839
0.555238
0.563297
0.557656
0.563297
0.575385
0.580220
0.576996
0.601978
0.578608
0.565714
0.543150
0.564908
0.543150
0.565714
0.545568
0.563297
0.528645
0.552821
0.523004
0.524615
0.522198
0.585055
0.597143
0.583443
0.597949
0.559267
0.516557
0.532674
0.518974
0.492381
0.492381
0.475458
0.491575
0.471429
0.512527
0.483516
0.515751
0.485128
0.539121
0.566520
0.541538
0.564103
0.545568
0.539121
0.540733
0.530256
0.542344
0.530256
0.548791
0.530256
0.538315
0.513333
0.555238
0.498828
0.555238
0.552821
0.531868
0.546374
0.533480
0.580220
0.581832
0.570549
0.556850
0.564103
0.557656
0.566520
0.582637
0.543150
0.531868
0.545568
0.531062
0.547985
0.528645
0.548791
0.510110
0.552821
0.527033
0.553626
0.525421
0.554432
0.522198
0.552821
0.520586
0.516557
0.520586
0.547985
0.526227
0.542344
0.514139
0.492381
0.513333
0.489963
0.513333
0.487546
0.510916
0.487546
0.538315
0.555238
0.552015
0.527033
0.549597
0.526227
0.565714
0.580220
0.558462
0.525421
0.541538
0.512527
0.536703
0.513333
0.530256
0.514139
0.586667
0.558462
0.590696
0.557656
0.600366
0.577802
0.574579
0.572967
0.545568
0.570549
0.531868
0.512527
0.477875
0.493187
0.504469
0.503663
0.501245
0.503663
0.498022
0.500440
0.556850
0.547179
0.560879
0.532674
0.543150
0.534286
0.541538
0.538315
0.506886
0.504469
0.542344
0.543150
0.538315
0.537509
0.536703
0.537509
0.537509
0.498022
0.543150
0.535092
0.545568
0.590696
0.564103
0.589084
0.564908
0.561685
0.567326
0.580220
0.572161
0.531062
0.544762
0.535092
0.543956
0.539927
0.539927
0.523004
0.524615
0.527033
0.532674
0.549597
0.528645
0.552015
0.529451
0.549597
0.526227
0.568938
0.518168
0.506886
0.519780
0.544762
0.489963
0.487546
0.509304
0.493993
0.507692
0.498022
0.504469
0.498828
0.499634
0.564908
0.543956
0.562491
0.545568
0.553626
0.524615
0.556044
0.569744
0.546374
0.515751
0.529451
0.510916
0.529451
0.515751
0.531062
0.517363
0.563297
0.591502
0.581832
0.598755
0.586667
0.595531
0.575385
0.541538
0.581832
0.566520
0.582637
0.512527
0.494799
0.503663
0.501245
0.497216
0.503663
0.493187
0.505275
0.490769
0.525421
0.546374
0.530256
0.547985
0.535897
0.543150
0.554432
0.556850
0.517363
0.498828
0.498022
0.529451
0.545568
0.525421
0.546374
0.504469
0.554432
0.559267
0.490769
0.528645
0.552821
0.585055
0.556044
0.593114
0.554432
0.571355
0.552015
0.571355
0.545568
0.533480
0.543150
0.538315
0.543956
0.546374
0.568938
0.545568
0.566520
0.600366
0.583443
0.549597
0.558462
0.549597
0.522198
0.530256
0.519780
0.481905
0.486740
0.473846
0.489963
0.474652
0.523810
0.481099
0.517363
0.475458
0.490769
0.474652
0.490769
0.476264
0.522198
0.520586
0.523004
0.517363
0.552015
0.546374
0.561685
0.546374
0.510916
0.546374
0.564103
0.546374
0.558462
0.523810
0.555238
0.523810
0.582637
0.568938
0.565714
0.556850
0.568132
0.555238
0.593919
0.560879
0.588278
0.563297
0.590696
0.581832
0.562491
0.529451
0.507692
0.527033
0.493993
0.500440
0.493187
0.501245
0.523004
0.523004
0.525421
0.523004
0.526227
0.519780
0.523810
0.518974
0.493187
0.528645
0.503663
0.531062
0.505275
0.559267
0.546374
0.556850
0.600366
0.567326
0.585055
0.572161
0.510916
0.572161
0.608425
0.574579
0.607619
0.573773
0.610037
0.571355
0.585055
0.538315
0.515751
0.537509
0.513333
0.536703
0.511722
0.537509
0.523810
0.571355
0.577802
0.576996
0.577802
0.559267
0.549597
0.559267
0.548791
0.550403
0.506081
0.490769
0.506081
0.491575
0.504469
0.491575
0.506081
0.508498
0.524615
0.509304
0.519780
0.510110
0.539121
0.540733
0.539121
0.537509
0.538315
0.532674
0.542344
0.536703
0.497216
0.510916
0.493187
0.531062
0.542344
0.531062
0.545568
0.533480
0.547985
0.589084
0.557656
0.564908
0.558462
0.583443
0.568938
0.581026
0.572161
0.536703
0.591502
0.599560
0.535092
0.518974
0.531868
0.498828
0.473040
0.497216
0.470623
0.493993
0.524615
0.519780
0.545568
0.531868
0.543956
0.559267
0.546374
0.558462
0.541538
0.525421
0.495604
0.501245
0.493187
0.502857
0.494799
0.548791
0.525421
0.539927
0.575385
0.564103
0.581832
0.566520
0.564103
0.591502
0.582637
0.572161
0.583443
0.571355
0.584249
0.539927
0.525421
0.519780
0.524615
0.526227
0.545568
0.533480
0.544762
0.538315
0.594725
0.557656
0.593919
0.556850
0.603590
0.542344
0.538315
0.547179
0.512527
0.493993
0.510916
0.486740
0.511722
0.485128
0.524615
0.506081
0.502857
0.499634
0.527839
0.497216
0.538315
0.540733
0.539121
0.541538
0.538315
0.535897
0.538315
0.535092
0.556850
0.503663
0.506886
0.486740
0.509304
0.532674
0.542344
0.531062
0.543956
0.580220
0.545568
0.575385
0.549597
0.576190
0.576996
0.583443
0.575385
0.543956
0.541538
0.565714
0.587473
0.561685
0.542344
0.532674
0.514139
0.535897
0.510916
0.542344
0.535092
0.546374
0.593114
0.565714
0.588278
0.563297
0.544762
0.559267
0.546374
0.558462
0.539927
0.500440
0.514139
0.488352
0.488352
0.481905
0.483516
0.484322
0.479487
0.516557
0.528645
0.516557
0.529451
0.525421
0.531868
0.529451
0.525421
0.525421
0.523004
0.525421
0.520586
0.493187
0.469011
0.523810
0.560879
0.546374
0.559267
0.545568
0.558462
0.549597
0.601172
0.588278
0.597949
0.567326
0.586667
0.568132
0.569744
0.556044
0.533480
0.509304
0.536703
0.510110
0.548791
0.513333
0.487546
0.517363
0.493187
0.531062
0.499634
0.548791
0.558462
0.542344
0.551209
0.530256
0.544762
0.531868
0.526227
0.496410
0.477070
0.485934
0.481099
0.484322
0.486740
0.532674
0.532674
0.581026
0.593919
0.589084
0.591502
0.592308
0.586667
0.596337
0.586667
0.601172
0.539927
0.539121
0.521392
0.527839
0.567326
0.548791
0.569744
0.548791
0.568938
0.540733
0.567326
0.538315
0.537509
0.576190
0.549597
0.575385
0.545568
0.530256
0.518974
0.529451
0.506081
0.485934
0.511722
0.480293
0.512527
0.502857
0.523810
0.506886
0.525421
0.570549
0.535092
0.547985
0.528645
0.544762
0.523810
0.552015
0.542344
0.537509
0.551209
0.564103
0.547985
0.535897
0.508498
0.522198
0.501245
0.547985
0.526227
0.548791
0.526227
0.549597
0.568938
0.556850
0.560879
0.577802
0.571355
0.582637
0.568132
0.585861
0.545568
0.536703
0.548791
0.533480
0.540733
0.531062
0.553626
0.505275
0.552015
0.523810
0.510110
0.533480
0.552015
0.527033
0.528645
0.516557
0.527033
0.512527
0.529451
0.510916
0.472234
0.493993
0.474652
0.494799
0.499634
0.531868
0.501245
0.546374
0.573773
0.606007
0.576996
0.606007
0.573773
0.597143
0.559267
0.596337
0.549597
0.518974
0.529451
0.521392
0.526227
0.540733
0.567326
0.545568
0.565714
0.547985
0.562491
0.529451
0.552821
0.562491
0.569744
0.555238
0.568132
0.552015
0.565714
0.533480
0.529451
0.501245
0.505275
0.489963
0.509304
0.488352
0.510916
0.500440
0.531868
0.485934
0.531868
0.539121
0.535092
0.538315
0.539927
0.538315
0.545568
0.535092
0.552015
0.561685
0.541538
0.506886
0.532674
0.504469
0.536703
0.506081
0.541538
0.529451
0.560879
0.599560
0.578608
0.602784
0.582637
0.603590
0.584249
0.601978
0.583443
0.539927
0.546374
0.489963
0.481905
0.485934
0.479487
0.489963
0.481905
0.490769
0.543956
0.526227
0.545568
0.527033
0.529451
0.519780
0.531062
0.515751
0.531868
0.511722
0.533480
0.509304
0.507692
0.500440
0.498828
0.503663
0.499634
0.530256
0.496410
0.531062
0.552821
0.569744
0.580220
0.568132
0.583443
0.568132
0.586667
0.565714
0.571355
0.517363
0.538315
0.541538
0.535897
0.542344
0.533480
0.544762
0.537509
0.510916
0.531062
0.528645
0.546374
0.582637
0.571355
0.584249
0.572161
0.581832
0.572161
0.570549
0.574579
0.524615
0.493187
0.506886
0.493187
0.505275
0.492381
0.506081
0.500440
0.526227
0.559267
0.547985
0.556044
0.525421
0.554432
0.524615
0.548791
0.527033
0.478681
0.494799
0.546374
0.558462
0.501245
0.505275
0.493187
0.505275
0.495604
0.500440
0.493993
0.530256
0.510110
0.547985
0.567326
0.550403
0.568938
0.575385
0.576996
0.582637
0.601172
0.562491
0.549597
0.559267
0.550403
0.559267
0.552015
0.557656
0.531062
0.569744
0.556850
0.532674
0.518974
0.531062
0.522198
0.552015
0.524615
0.554432
0.528645
0.553626
0.516557
0.494799
0.528645
0.497216
0.501245
0.495604
0.503663
0.498828
0.501245
0.535092
0.539121
0.572967
0.543956
0.574579
0.546374
0.574579
0.561685
0.539121
0.549597
0.532674
0.570549
0.535897
0.572161
0.536703
0.573773
0.539121
0.546374
0.525421
0.548791
0.526227
0.593919
0.586667
0.596337
0.587473
0.596337
0.588278
0.581832
0.570549
0.528645
0.500440
0.470623
0.501245
0.469011
0.502051
0.469011
0.498022
0.523810
0.522198
0.550403
0.556850
0.554432
0.558462
0.549597
0.560879
0.550403
0.530256
0.498828
0.503663
0.529451
0.503663
0.511722
0.520586
0.506886
0.522198
0.504469
0.523810
0.506886
0.583443
0.597949
0.565714
0.589084
0.560879
0.566520
0.555238
0.568132
0.554432
0.514139
0.537509
0.535092
0.545568
0.532674
0.546374
0.530256
0.556044
0.601172
0.578608
0.601172
0.547985
0.533480
0.548791
0.558462
0.546374
0.546374
0.531062
0.544762
0.509304
0.491575
0.481905
0.483516
0.484322
0.481099
0.484322
0.481099
0.488352
0.536703
0.532674
0.569744
0.596337
0.586667
0.595531
0.587473
0.576996
0.575385
0.539927
0.573773
0.530256
0.552821
0.516557
0.527839
0.517363
0.542344
0.576996
0.558462
0.551209
0.607619
0.575385
0.609231
0.576190
0.598755
0.552821
0.572161
0.547985
0.516557
0.532674
0.510916
0.475458
0.496410
0.494799
0.505275
0.493993
0.522198
0.556044
0.553626
0.554432
0.556044
0.548791
0.542344
0.535897
0.537509
0.502857
0.496410
0.506886
0.493993
0.514139
0.513333
0.496410
0.506081
0.493993
0.503663
0.497216
0.498828
0.546374
0.518168
0.541538
0.586667
0.568132
0.586667
0.568938
0.581832
0.569744
0.531868
0.543150
0.532674
0.522198
0.537509
0.538315
0.542344
0.535897
0.582637
0.573773
0.584249
0.576190
0.597949
0.543956
0.562491
0.543150
0.593114
0.560879
0.591502
0.561685
0.589084
0.516557
0.523004
0.506886
0.518974
0.485934
0.518974
0.486740
0.517363
0.530256
0.525421
0.519780
0.525421
0.516557
0.528645
0.515751
0.556044
0.506886
0.496410
0.524615
0.506081
0.543956
0.564908
0.549597
0.564103
0.552821
0.607619
0.580220
0.528645
0.560879
0.592308
0.558462
0.594725
0.582637
0.603590
0.561685
0.596337
0.543956
0.538315
0.539121
0.536703
0.506081
0.491575
0.511722
0.503663
0.543150
0.536703
0.539927
0.535092
0.539927
0.536703
0.538315
0.536703
0.503663
0.470623
0.498022
0.472234
0.513333
0.487546
0.512527
0.488352
0.515751
0.472234
0.497216
0.471429
0.518168
0.539927
0.544762
0.531062
0.570549
0.584249
0.572161
0.606813
0.573773
0.551209
0.561685
0.546374
0.560879
0.523810
0.555238
0.516557
0.530256
0.518168
0.564908
0.556850
0.569744
0.552821
0.571355
0.555238
0.542344
0.564103
0.514139
0.550403
0.569744
0.549597
0.518168
0.530256
0.483516
0.488352
0.503663
0.528645
0.502857
0.526227
0.502857
0.557656
0.549597
0.552821
0.556850
0.543150
0.537509
0.541538
0.527033
0.491575
0.471429
0.493993
0.470623
0.498828
0.543150
0.532674
0.543956
0.571355
0.580220
0.571355
0.581026
0.523004
0.547985
0.576996
0.545568
0.577802
0.543956
0.576190
0.569744
0.541538
0.556850
0.522198
0.558462
0.524615
0.568938
0.546374
0.568938
0.539927
0.585055
0.572967
0.584249
0.567326
0.551209
0.527033
0.546374
0.530256
0.475458
0.499634
0.498022
0.500440
0.498022
0.497216
0.500440
0.478681
0.498022
0.498828
0.497216
0.522198
0.564103
0.549597
0.560879
0.545568
0.575385
0.601978
0.581832
0.582637
0.531868
0.523004
0.528645
0.523004
0.523810
0.522198
0.519780
0.523004
0.544762
0.589084
0.565714
0.588278
0.568938
0.596337
0.586667
0.597949
0.539121
0.507692
0.518168
0.556044
0.531868
0.525421
0.525421
0.548791
0.490769
0.514139
0.518168
0.511722
0.523810
0.561685
0.549597
0.562491
0.527033
0.556044
0.523810
0.554432
0.523810
0.498022
0.491575
0.473846
0.489963
0.489963
0.508498
0.488352
0.535092
0.589084
0.563297
0.589084
0.561685
0.588278
0.545568
0.603590
0.585055
0.601978
0.581832
0.600366
0.567326
0.544762
0.549597
0.532674
0.543956
0.509304
0.539927
0.509304
0.475458
0.509304
0.529451
0.510110
0.532674
0.536703
0.543956
0.541538
0.562491
0.523810
0.508498
0.519780
0.510916
0.523004
0.499634
0.511722
0.491575
0.537509
0.536703
0.518974
0.511722
0.517363
0.557656
0.555238
0.554432
0.555238
0.550403
0.548791
0.583443
0.564103
0.515751
0.533480
0.509304
0.535092
0.507692
0.535897
0.523004
0.552015
0.579414
0.568132
0.576996
0.568938
0.580220
0.579414
0.602784
0.573773
0.581832
0.552015
0.512527
0.493187
0.510916
0.545568
0.568132
0.542344
0.568132
0.531062
0.485128
0.517363
0.483516
0.528645
0.543150
0.537509
0.543150
0.535092
0.536703
0.536703
0.533480
0.523004
0.485128
0.518168
0.485934
0.511722
0.485934
0.487546
0.479487
0.486740
0.572161
0.568132
0.586667
0.569744
0.584249
0.570549
0.607619
0.560879
0.556850
0.561685
0.556850
0.538315
0.505275
0.545568
0.531062
0.545568
0.544762
0.561685
0.543150
0.588278
0.542344
0.546374
0.533480
0.539121
0.533480
0.542344
0.535092
0.542344
0.517363
0.473040
0.514139
0.482711
0.513333
0.485934
0.509304
0.489158
0.533480
0.544762
0.535092
0.493187
0.532674
0.533480
0.510110
0.531062
0.529451
0.543956
0.532674
0.543150
0.567326
0.541538
0.539121
0.539121
0.541538
0.526227
0.544762
0.531062
0.547985
0.582637
0.568938
0.586667
0.569744
0.585055
0.573773
0.606007
0.576190
0.550403
0.554432
0.523004
0.500440
0.507692
0.493187
0.487546
0.497216
0.498828
0.503663
0.527033
0.505275
0.568132
0.543956
0.569744
0.543150
0.548791
0.531062
0.549597
0.531062
0.503663
0.487546
0.481905
0.520586
0.525421
0.522198
0.549597
0.522198
0.564908
0.581026
0.568132
0.581832
0.568938
0.584249
0.570549
0.585861
0.554432
0.531062
0.562491
0.556850
0.555238
0.530256
0.546374
0.535897
0.545568
0.539121
0.545568
0.561685
0.543150
0.556044
0.593919
0.547985
0.535092
0.548791
0.535092
0.545568
0.532674
0.490769
0.527033
0.481905
0.515751
0.481905
0.511722
0.484322
0.510110
0.487546
0.551209
0.523004
0.531062
0.519780
0.552821
0.520586
0.550403
0.523004
0.551209
0.526227
0.548791
0.531868
0.500440
0.533480
0.543150
0.513333
0.535897
0.515751
0.535897
0.541538
0.558462
0.593919
0.557656
0.593114
0.588278
0.597143
0.593919
0.595531
0.593919
0.556044
0.555238
0.544762
0.535092
0.481905
0.489963
0.474652
0.536703
0.539927
0.538315
0.543150
0.566520
0.541538
0.571355
0.539927
0.550403
0.530256
0.546374
0.527033
0.530256
0.507692
0.468205
0.497216
0.470623
0.498022
0.471429
0.493187
0.472234
0.515751
0.554432
0.556044
0.551209
0.574579
0.607619
0.576190
0.604396
0.576996
0.523004
0.554432
0.567326
0.529451
0.550403
0.507692
0.547985
0.533480
0.546374
0.538315
0.542344
0.594725
0.556850
0.591502
0.581832
0.546374
0.561685
0.549597
0.539927
0.525421
0.511722
0.485128
0.512527
0.477070
0.486740
0.474652
0.491575
0.473846
0.510916
0.531062
0.535897
0.543150
0.538315
0.569744
0.523004
0.519780
0.527033
0.515751
0.530256
0.530256
0.498828
0.513333
0.515751
0.536703
0.571355
0.541538
0.569744
0.543956
0.564103
0.574579
0.582637
0.550403
0.569744
0.547985
0.570549
0.546374
0.571355
0.535092
0.511722
0.552821
0.519780
0.555238
0.520586
0.503663
0.531868
0.559267
0.506081
0.539927
0.510110
0.541538
0.593114
0.543150
0.533480
0.568132
0.539927
0.567326
0.542344
0.560073
0.510110
0.510916
0.493187
0.506886
0.486740
0.510110
0.488352
0.488352
0.524615
0.527033
0.520586
0.543956
0.532674
0.565714
0.586667
0.568938
0.545568
0.535897
0.545568
0.532674
0.540733
0.574579
0.534286
0.554432
0.522198
0.528645
0.517363
0.556850
0.558462
0.562491
0.554432
0.564103
0.552015
0.517363
0.546374
0.554432
0.510110
0.519780
0.506886
0.524615
0.503663
0.529451
0.500440
0.509304
0.552015
0.527033
0.552015
0.518168
0.530256
0.520586
0.525421
0.527033
0.537509
0.541538
0.539927
0.523004
0.520586
0.498828
0.465788
0.496410
0.468205
0.531868
0.543150
0.531868
0.545568
0.560879
0.585055
0.563297
0.596337
0.590696
0.589890
0.566520
0.587473
0.533480
0.552015
0.527033
0.554432
0.528645
0.552015
0.551209
0.549597
0.522198
0.548791
0.528645
0.552015
0.535092
0.583443
0.573773
0.585055
0.535897
0.542344
0.535897
0.542344
0.536703
0.493993
0.505275
0.494799
0.501245
0.498022
0.498828
0.498828
0.492381
0.480293
0.535897
0.499634
0.544762
0.528645
0.543956
0.528645
0.564103
0.583443
0.545568
0.543150
0.563297
0.543956
0.561685
0.516557
0.531868
0.509304
0.532674
0.511722
0.554432
0.587473
0.568132
0.587473
0.562491
0.608425
0.572967
0.607619
0.562491
0.513333
0.497216
0.506886
0.491575
0.509304
0.491575
0.507692
0.488352
0.486740
0.539927
0.532674
0.547985
0.532674
0.543956
0.528645
0.543150
0.530256
0.491575
0.536703
0.542344
0.538315
0.484322
0.485934
0.484322
0.504469
0.500440
0.501245
0.531868
0.551209
0.590696
0.565714
0.587473
0.567326
0.585055
0.568132
0.584249
0.570549
0.582637
0.552821
0.525421
0.554432
0.524615
0.568938
0.539121
0.565714
0.539927
0.576996
0.524615
0.547985
0.524615
0.535897
0.594725
0.558462
0.595531
0.558462
0.539121
0.540733
0.543956
0.531062
0.507692
0.492381
0.510110
0.491575
0.514139
0.486740
0.503663
0.475458
0.506886
0.532674
0.506886
0.533480
0.535897
0.542344
0.537509
0.537509
0.543956
0.560879
0.549597
0.559267
0.550403
0.558462
0.554432
0.495604
0.523810
0.533480
0.546374
0.535092
0.545568
0.588278
0.597143
0.589084
0.597143
0.589890
0.598755
0.589890
0.601172
0.544762
0.535092
0.519780
0.530256
0.517363
0.529451
0.517363
0.480293
0.517363
0.526227
0.543150
0.529451
0.550403
0.555238
0.549597
0.555238
0.531868
0.511722
0.542344
0.531062
0.489963
0.510916
0.486740
0.513333
0.485128
0.492381
0.477875
0.506886
0.571355
0.577802
0.574579
0.575385
0.580220
0.586667
0.604396
0.583443
0.562491
0.556044
0.552821
0.559267
0.529451
0.551209
0.523004
0.529451
0.518168
0.547985
0.578608
0.531868
0.515751
0.531062
0.560879
0.593919
0.552015
0.572161
0.552015
0.523810
0.524615
0.479487
0.490769
0.477070
0.487546
0.498022
0.527839
0.499634
0.528645
0.547985
0.560879
0.552821
0.557656
0.555238
0.543150
0.536703
0.543150
0.531062
0.490769
0.530256
0.517363
0.529451
0.514139
0.533480
0.535897
0.537509
0.499634
0.522198
0.526227
0.516557
0.546374
0.574579
0.547985
0.572161
0.549597
0.589890
0.567326
0.588278
0.553626
0.535897
0.568132
0.538315
0.564908
0.541538
0.543150
0.543150
0.536703
0.547985
0.535092
0.549597
0.529451
0.550403
0.512527
0.553626
0.523004
0.506886
0.500440
0.496410
0.490769
0.509304
0.513333
0.518168
0.511722
0.516557
0.511722
0.522198
0.556044
0.582637
0.593919
0.557656
0.568132
0.555238
0.565714
0.552821
0.535092
0.509304
0.533480
0.528645
0.547985
0.529451
0.546374
0.546374
0.564103
0.600366
0.589084
0.596337
0.564103
0.535092
0.544762
0.528645
0.607619
0.576996
0.609231
0.575385
0.610842
0.525421
0.504469
0.497216
0.509304
0.493993
0.511722
0.491575
0.493187
0.475458
0.510110
0.543150
0.533480
0.539927
0.539121
0.539121
0.542344
0.536703
0.498828
0.504469
0.491575
0.531868
0.548791
0.533480
0.546374
0.535897
0.572967
0.578608
0.488352
0.546374
0.585055
0.568938
0.587473
0.569744
0.609231
0.567326
0.583443
0.565714
0.584249
0.531868
0.554432
0.527033
0.556850
0.524615
0.560879
0.547179
0.552821
0.574579
0.576190
0.526227
0.552821
0.527033
0.553626
0.509304
0.543956
0.505275
0.484322
0.483516
0.486740
0.509304
0.497216
0.505275
0.493993
0.510110
0.492381
0.514139
0.487546
0.493187
0.538315
0.509304
0.531868
0.510110
0.535897
0.539121
0.531062
0.543150
0.494799
0.564103
0.542344
0.567326
0.539927
0.568938
0.537509
0.568938
0.523004
0.565714
0.568132
0.558462
0.564908
0.563297
0.563297
0.565714
0.610037
0.573773
0.588278
0.562491
0.591502
0.532674
0.520586
0.531062
0.522198
0.525421
0.519780
0.523004
0.525421
0.520586
0.546374
0.555238
0.551209
0.553626
0.554432
0.554432
0.552821
0.546374
0.500440
0.515751
0.486740
0.514139
0.481099
0.492381
0.474652
0.491575
0.531868
0.513333
0.504469
0.572161
0.573773
0.581832
0.571355
0.588278
0.595531
0.596337
0.593114
0.560879
0.559267
0.546374
0.537509
0.540733
0.541538
0.518168
0.531062
0.515751
0.547985
0.572161
0.549597
0.513333
0.535092
0.533480
0.565714
0.535092
0.509304
0.518974
0.504469
0.523004
0.506886
0.520586
0.512527
0.489963
0.525421
0.507692
0.523004
0.510110
0.523004
0.570549
0.537509
0.571355
0.537509
0.551209
0.531062
0.533480
0.511722
0.470623
0.491575
0.527033
0.513333
0.532674
0.527033
0.552821
0.522198
0.568132
0.576996
0.585055
0.600366
0.585861
0.601978
0.577802
0.581026
0.565714
0.560879
0.564103
0.561685
0.575385
0.543956
0.535897
0.564103
0.543150
0.564908
0.545568
0.561685
0.547985
0.587473
0.542344
0.535092
0.542344
0.531062
0.541538
0.531868
0.532674
0.477875
0.496410
0.502857
0.493993
0.506886
0.490769
0.508498
0.487546
0.513333
0.542344
0.504469
0.540733
0.485128
0.517363
0.532674
0.514139
0.551209
0.518168
0.552821
0.522198
0.554432
0.522198
0.557656
0.521392
0.556044
0.524615
0.552821
0.522198
0.552015
0.575385
0.581026
0.576190
0.583443
0.601172
0.588278
0.591502
0.589084
0.568132
0.545568
0.536703
0.544762
0.507692
0.480293
0.485128
0.509304
0.526227
0.510110
0.526227
0.489963
0.532674
0.547985
0.533480
0.543150
0.510110
0.537509
0.506886
0.535092
0.516557
0.480293
0.515751
0.481099
0.534286
0.538315
0.536703
0.537509
0.543150
0.576996
0.572161
0.575385
0.573773
0.578608
0.572161
0.580220
0.571355
0.538315
0.550403
0.597949
0.557656
0.570549
0.539927
0.537509
0.544762
0.536703
0.548791
0.533480
0.547985
0.535897
0.561685
0.587473
0.558462
0.529451
0.547985
0.528645
0.548791
0.531062
0.477875
0.499634
0.466593
0.497216
0.485934
0.512527
0.488352
0.514139
0.490769
0.549597
0.557656
0.549597
0.554432
0.487546
0.501245
0.539121
0.532674
0.542344
0.535897
0.543956
0.535092
0.569744
0.543956
0.525421
0.508498
0.567326
0.544762
0.550403
0.530256
0.538315
0.520586
0.543150
0.576996
0.542344
0.572161
0.542344
0.573773
0.546374
0.572161
0.556044
0.561685
0.550403
0.560879
0.548791
0.515751
0.499634
0.506081
0.473846
0.492381
0.496410
0.494799
0.535092
0.542344
0.536703
0.546374
0.532674
0.545568
0.532674
0.540733
0.523004
0.481905
0.517363
0.483516
0.515751
0.481099
0.540733
0.536703
0.552015
0.606007
0.578608
0.604396
0.568132
0.581026
0.563297
0.581832
0.569744
0.523004